0.023632
0.021952
0.021834
0.023807
0.026661
0.025198
0.021837
0.022035
0.022106
0.022279
0.022071
0.023366
0.022017
0.023522
0.023427
0.021995
0.023960
0.023610
0.021887
0.023900
0.024691
0.021749
0.021946
0.022485
0.021679
0.022149
0.024517
0.022061
0.022336
0.021673
0.021967
0.021867
0.021999
0.021497
0.021978
0.022163
0.022110
0.022213
0.022111
0.022248
0.022161
0.022408
0.022082
0.021792
0.022012
0.021936
0.022166
0.022269
0.022221
0.021551
0.022135
0.021825
0.022216
0.022008
0.021835
0.023372
0.021903
0.021545
0.021899
0.021491
0.022211
0.021849
0.022745
0.022021
0.023351
0.022558
0.023669
0.022073
0.022094
0.021946
0.021713
0.021971
0.022365
0.022656
0.022115
0.022349
0.023604
0.021377
0.021406
0.021615
0.021444
0.021666
0.022117
0.025350
0.024622
0.024087
0.022768
0.023408
0.022594
0.022704
0.026626
0.022016
0.022301
0.021634
0.023194
0.026762
0.025051
0.024766
0.024236
0.024333
0.024388
0.023573
0.023716
0.023034
0.023988
0.025907
0.022305
0.022429
0.023282
0.021935
0.022836
0.021853
0.022087
0.023246
0.023016
0.022603
0.023740
0.023926
0.022845
0.022822
0.026533
0.022732
0.025566
0.025329
0.023082
0.033734
0.034254
0.028831
0.032005
0.026273
0.025157
0.025920
0.028505
0.025318
0.024420
0.023901
0.024013
0.022726
0.022555
0.023172
0.022806
0.022589
0.022661
0.023383
0.022539
0.024156
0.024085
0.023338
0.023587
0.024587
